fissiondimagiqa1+load32@gmail.com,202,1,0.826992
fissiondimagiqa1+load32@gmail.com,202,2,0.704837
fissiondimagiqa1+load32@gmail.com,202,3,0.721416
fissiondimagiqa1+load32@gmail.com,202,4,0.739714
fissiondimagiqa1+load32@gmail.com,202,5,0.699481
fissiondimagiqa1+load32@gmail.com,202,6,0.795837
fissiondimagiqa1+load32@gmail.com,202,7,0.729894
fissiondimagiqa1+load32@gmail.com,202,8,0.747285
fissiondimagiqa1+load32@gmail.com,202,9,0.741937
fissiondimagiqa1+load32@gmail.com,202,10,0.781629
fissiondimagiqa1+load32@gmail.com,202,11,0.817251
fissiondimagiqa1+load32@gmail.com,202,12,0.74826
fissiondimagiqa1+load32@gmail.com,202,13,0.72843
fissiondimagiqa1+load32@gmail.com,202,14,0.828442
fissiondimagiqa1+load32@gmail.com,202,15,0.80628
fissiondimagiqa1+load32@gmail.com,202,16,0.728953
fissiondimagiqa1+load32@gmail.com,202,17,0.767301
fissiondimagiqa1+load32@gmail.com,202,18,0.722269
fissiondimagiqa1+load32@gmail.com,202,19,0.776695
fissiondimagiqa1+load32@gmail.com,202,20,0.733509
fissiondimagiqa1+load32@gmail.com,202,21,0.737423
fissiondimagiqa1+load32@gmail.com,202,22,0.724619
fissiondimagiqa1+load32@gmail.com,202,23,0.735379
fissiondimagiqa1+load32@gmail.com,202,24,0.76938
fissiondimagiqa1+load32@gmail.com,202,25,0.738054
fissiondimagiqa1+load32@gmail.com,202,26,0.753382
fissiondimagiqa1+load32@gmail.com,202,27,0.690652
fissiondimagiqa1+load32@gmail.com,202,28,0.731165
fissiondimagiqa1+load32@gmail.com,202,29,0.741993
fissiondimagiqa1+load32@gmail.com,202,30,0.732848
fissiondimagiqa1+load32@gmail.com,202,31,0.740733
fissiondimagiqa1+load32@gmail.com,202,32,0.771628
fissiondimagiqa1+load32@gmail.com,202,33,0.786301
fissiondimagiqa1+load32@gmail.com,202,34,0.696204
fissiondimagiqa1+load32@gmail.com,202,35,0.711386
fissiondimagiqa1+load32@gmail.com,202,36,0.726872
fissiondimagiqa1+load32@gmail.com,202,37,0.749997
fissiondimagiqa1+load32@gmail.com,202,38,0.706746
fissiondimagiqa1+load32@gmail.com,202,39,0.750133
fissiondimagiqa1+load32@gmail.com,202,40,0.727457
fissiondimagiqa1+load32@gmail.com,202,41,0.719639
fissiondimagiqa1+load32@gmail.com,202,42,0.752319
fissiondimagiqa1+load32@gmail.com,202,43,0.72749
fissiondimagiqa1+load32@gmail.com,202,44,0.752086
fissiondimagiqa1+load32@gmail.com,202,45,0.741716
fissiondimagiqa1+load32@gmail.com,202,46,0.739122
fissiondimagiqa1+load32@gmail.com,202,47,0.707531
fissiondimagiqa1+load32@gmail.com,202,48,0.742927
fissiondimagiqa1+load32@gmail.com,202,49,0.744937
fissiondimagiqa1+load32@gmail.com,202,50,0.778186
fissiondimagiqa1+load32@gmail.com,202,51,0.740198
fissiondimagiqa1+load32@gmail.com,202,52,0.785878
fissiondimagiqa1+load32@gmail.com,202,53,0.732574
fissiondimagiqa1+load32@gmail.com,202,54,0.781639
fissiondimagiqa1+load32@gmail.com,202,55,0.723805
fissiondimagiqa1+load32@gmail.com,202,56,0.748251
fissiondimagiqa1+load32@gmail.com,202,57,0.784602
fissiondimagiqa1+load32@gmail.com,202,58,0.751129
fissiondimagiqa1+load32@gmail.com,202,59,0.749479
fissiondimagiqa1+load32@gmail.com,202,60,0.737322
fissiondimagiqa1+load32@gmail.com,202,61,0.740057
fissiondimagiqa1+load32@gmail.com,202,62,0.783761
fissiondimagiqa1+load32@gmail.com,202,63,0.722874
fissiondimagiqa1+load32@gmail.com,202,64,0.735337
fissiondimagiqa1+load32@gmail.com,202,65,0.704057
fissiondimagiqa1+load32@gmail.com,202,66,0.737959
fissiondimagiqa1+load32@gmail.com,202,67,0.745323
fissiondimagiqa1+load32@gmail.com,202,68,0.819365
fissiondimagiqa1+load32@gmail.com,202,69,0.809446
fissiondimagiqa1+load32@gmail.com,202,70,0.742248
fissiondimagiqa1+load32@gmail.com,202,71,0.752607
fissiondimagiqa1+load32@gmail.com,202,72,0.720889
fissiondimagiqa1+load32@gmail.com,202,73,0.714128
fissiondimagiqa1+load32@gmail.com,202,74,0.744239
fissiondimagiqa1+load32@gmail.com,202,75,0.720455
fissiondimagiqa1+load32@gmail.com,202,76,0.743858
fissiondimagiqa1+load32@gmail.com,202,77,0.751384
fissiondimagiqa1+load32@gmail.com,202,78,0.73952
fissiondimagiqa1+load32@gmail.com,202,79,0.730704
fissiondimagiqa1+load32@gmail.com,202,80,0.720127
fissiondimagiqa1+load32@gmail.com,202,81,0.751633
fissiondimagiqa1+load32@gmail.com,202,82,0.991271
fissiondimagiqa1+load32@gmail.com,202,83,0.74856
fissiondimagiqa1+load32@gmail.com,202,84,0.813113
fissiondimagiqa1+load32@gmail.com,202,85,0.78653
fissiondimagiqa1+load32@gmail.com,202,86,0.766421
fissiondimagiqa1+load32@gmail.com,202,87,0.730565
fissiondimagiqa1+load32@gmail.com,202,88,0.746464
fissiondimagiqa1+load32@gmail.com,202,89,0.757308
fissiondimagiqa1+load32@gmail.com,202,90,0.777773
fissiondimagiqa1+load32@gmail.com,202,91,0.773564
fissiondimagiqa1+load32@gmail.com,202,92,0.736721
fissiondimagiqa1+load32@gmail.com,202,93,0.752584
fissiondimagiqa1+load32@gmail.com,202,94,0.726519
fissiondimagiqa1+load32@gmail.com,202,95,0.772775
fissiondimagiqa1+load32@gmail.com,202,96,0.721491
fissiondimagiqa1+load32@gmail.com,202,97,0.730326
fissiondimagiqa1+load32@gmail.com,202,98,0.759505
fissiondimagiqa1+load32@gmail.com,202,99,0.72699
fissiondimagiqa1+load32@gmail.com,202,100,0.708595
fissiondimagiqa1+load32@gmail.com,202,101,0.750069
fissiondimagiqa1+load32@gmail.com,202,102,0.712398
fissiondimagiqa1+load32@gmail.com,202,103,0.803396
fissiondimagiqa1+load32@gmail.com,202,104,0.76656
fissiondimagiqa1+load32@gmail.com,202,105,0.769945
fissiondimagiqa1+load32@gmail.com,202,106,0.773851
fissiondimagiqa1+load32@gmail.com,202,107,0.735443
fissiondimagiqa1+load32@gmail.com,202,108,0.739854
fissiondimagiqa1+load32@gmail.com,202,109,0.764405
fissiondimagiqa1+load32@gmail.com,202,110,0.738696
fissiondimagiqa1+load32@gmail.com,202,111,0.728794
fissiondimagiqa1+load32@gmail.com,202,112,0.7235
fissiondimagiqa1+load32@gmail.com,202,113,0.752287
fissiondimagiqa1+load32@gmail.com,202,114,0.729536
fissiondimagiqa1+load32@gmail.com,202,115,0.738585
fissiondimagiqa1+load32@gmail.com,202,116,0.761303
fissiondimagiqa1+load32@gmail.com,202,117,0.73485
fissiondimagiqa1+load32@gmail.com,202,118,0.710504
fissiondimagiqa1+load32@gmail.com,202,119,0.744468
fissiondimagiqa1+load32@gmail.com,202,120,0.77426
fissiondimagiqa1+load32@gmail.com,202,121,0.80817
fissiondimagiqa1+load32@gmail.com,202,122,0.791509
fissiondimagiqa1+load32@gmail.com,202,123,0.740571
fissiondimagiqa1+load32@gmail.com,202,124,0.722385
fissiondimagiqa1+load32@gmail.com,202,125,0.738609
fissiondimagiqa1+load32@gmail.com,202,126,0.740543
fissiondimagiqa1+load32@gmail.com,202,127,0.751213
fissiondimagiqa1+load32@gmail.com,202,128,0.758795
fissiondimagiqa1+load32@gmail.com,202,129,0.70569
fissiondimagiqa1+load32@gmail.com,202,130,0.740683
fissiondimagiqa1+load32@gmail.com,202,131,0.718313
fissiondimagiqa1+load32@gmail.com,202,132,0.71951
fissiondimagiqa1+load32@gmail.com,202,133,0.750143
fissiondimagiqa1+load32@gmail.com,202,134,0.729228
fissiondimagiqa1+load32@gmail.com,202,135,0.786805
fissiondimagiqa1+load32@gmail.com,202,136,0.803267
fissiondimagiqa1+load32@gmail.com,202,137,0.744144
fissiondimagiqa1+load32@gmail.com,202,138,0.792956
fissiondimagiqa1+load32@gmail.com,202,139,0.778821
fissiondimagiqa1+load32@gmail.com,202,140,0.766466
fissiondimagiqa1+load32@gmail.com,202,141,0.740613
fissiondimagiqa1+load32@gmail.com,202,142,0.750669
fissiondimagiqa1+load32@gmail.com,202,143,0.735496
